14.937500,13.555100,12.287900,11.135900,10.099100,9.177500,8.371100,7.679900,7.103900,6.643100,6.297500,6.067100,5.951900,5.951900,6.067100,6.297500,6.643100,7.103900,7.679900,8.371100,9.177500,10.099100,11.135900,12.287900,13.555100,14.937500
13.555100,12.172700,10.905500,9.753500,8.716700,7.795100,6.988700,6.297500,5.721500,5.260700,4.915100,4.684700,4.569500,4.569500,4.684700,4.915100,5.260700,5.721500,6.297500,6.988700,7.795100,8.716700,9.753500,10.905500,12.172700,13.555100
12.287900,10.905500,9.638300,8.486300,7.449500,6.527900,5.721500,5.030300,4.454300,3.993500,3.647900,3.417500,3.302300,3.302300,3.417500,3.647900,3.993500,4.454300,5.030300,5.721500,6.527900,7.449500,8.486300,9.638300,10.905500,12.287900
11.135900,9.753500,8.486300,7.334300,6.297500,5.375900,4.569500,3.878300,3.302300,2.841500,2.495900,2.265500,2.150300,2.150300,2.265500,2.495900,2.841500,3.302300,3.878300,4.569500,5.375900,6.297500,7.334300,8.486300,9.753500,11.135900
10.099100,8.716700,7.449500,6.297500,5.260700,4.339100,3.532700,2.841500,2.265500,1.804700,1.459100,1.228700,1.113500,1.113500,1.228700,1.459100,1.804700,2.265500,2.841500,3.532700,4.339100,5.260700,6.297500,7.449500,8.716700,10.099100
9.177500,7.795100,6.527900,5.375900,4.339100,3.417500,2.611100,1.919900,1.343900,0.883100,0.537500,0.307100,0.191900,0.191900,0.307100,0.537500,0.883100,1.343900,1.919900,2.611100,3.417500,4.339100,5.375900,6.527900,7.795100,9.177500
8.371100,6.988700,5.721500,4.569500,3.532700,2.611100,1.804700,1.113500,0.537500,0.076700,-0.268900,-0.499300,-0.614500,-0.614500,-0.499300,-0.268900,0.076700,0.537500,1.113500,1.804700,2.611100,3.532700,4.569500,5.721500,6.988700,8.371100
7.679900,6.297500,5.030300,3.878300,2.841500,1.919900,1.113500,0.422300,-0.153700,-0.614500,-0.960100,-1.190500,-1.305700,-1.305700,-1.190500,-0.960100,-0.614500,-0.153700,0.422300,1.113500,1.919900,2.841500,3.878300,5.030300,6.297500,7.679900
7.103900,5.721500,4.454300,3.302300,2.265500,1.343900,0.537500,-0.153700,-0.729700,-1.190500,-1.536100,-1.766500,-1.881700,-1.881700,-1.766500,-1.536100,-1.190500,-0.729700,-0.153700,0.537500,1.343900,2.265500,3.302300,4.454300,5.721500,7.103900
6.643100,5.260700,3.993500,2.841500,1.804700,0.883100,0.076700,-0.614500,-1.190500,-1.651300,-1.996900,-2.227300,-2.342500,-2.342500,-2.227300,-1.996900,-1.651300,-1.190500,-0.614500,0.076700,0.883100,1.804700,2.841500,3.993500,5.260700,6.643100
6.297500,4.915100,3.647900,2.495900,1.459100,0.537500,-0.268900,-0.960100,-1.536100,-1.996900,-2.342500,-2.572900,-2.688100,-2.688100,-2.572900,-2.342500,-1.996900,-1.536100,-0.960100,-0.268900,0.537500,1.459100,2.495900,3.647900,4.915100,6.297500
6.067100,4.684700,3.417500,2.265500,1.228700,0.307100,-0.499300,-1.190500,-1.766500,-2.227300,-2.572900,-2.803300,-2.918500,-2.918500,-2.803300,-2.572900,-2.227300,-1.766500,-1.190500,-0.499300,0.307100,1.228700,2.265500,3.417500,4.684700,6.067100
5.951900,4.569500,3.302300,2.150300,1.113500,0.191900,-0.614500,-1.305700,-1.881700,-2.342500,-2.688100,-2.918500,-3.033700,-3.033700,-2.918500,-2.688100,-2.342500,-1.881700,-1.305700,-0.614500,0.191900,1.113500,2.150300,3.302300,4.569500,5.951900
5.951900,4.569500,3.302300,2.150300,1.113500,0.191900,-0.614500,-1.305700,-1.881700,-2.342500,-2.688100,-2.918500,-3.033700,-3.033700,-2.918500,-2.688100,-2.342500,-1.881700,-1.305700,-0.614500,0.191900,1.113500,2.150300,3.302300,4.569500,5.951900
6.067100,4.684700,3.417500,2.265500,1.228700,0.307100,-0.499300,-1.190500,-1.766500,-2.227300,-2.572900,-2.803300,-2.918500,-2.918500,-2.803300,-2.572900,-2.227300,-1.766500,-1.190500,-0.499300,0.307100,1.228700,2.265500,3.417500,4.684700,6.067100
6.297500,4.915100,3.647900,2.495900,1.459100,0.537500,-0.268900,-0.960100,-1.536100,-1.996900,-2.342500,-2.572900,-2.688100,-2.688100,-2.572900,-2.342500,-1.996900,-1.536100,-0.960100,-0.268900,0.537500,1.459100,2.495900,3.647900,4.915100,6.297500
6.643100,5.260700,3.993500,2.841500,1.804700,0.883100,0.076700,-0.614500,-1.190500,-1.651300,-1.996900,-2.227300,-2.342500,-2.342500,-2.227300,-1.996900,-1.651300,-1.190500,-0.614500,0.076700,0.883100,1.804700,2.841500,3.993500,5.260700,6.643100
7.103900,5.721500,4.454300,3.302300,2.265500,1.343900,0.537500,-0.153700,-0.729700,-1.190500,-1.536100,-1.766500,-1.881700,-1.881700,-1.766500,-1.536100,-1.190500,-0.729700,-0.153700,0.537500,1.343900,2.265500,3.302300,4.454300,5.721500,7.103900
7.679900,6.297500,5.030300,3.878300,2.841500,1.919900,1.113500,0.422300,-0.153700,-0.614500,-0.960100,-1.190500,-1.305700,-1.305700,-1.190500,-0.960100,-0.614500,-0.153700,0.422300,1.113500,1.919900,2.841500,3.878300,5.030300,6.297500,7.679900
8.371100,6.988700,5.721500,4.569500,3.532700,2.611100,1.804700,1.113500,0.537500,0.076700,-0.268900,-0.499300,-0.614500,-0.614500,-0.499300,-0.268900,0.076700,0.537500,1.113500,1.804700,2.611100,3.532700,4.569500,5.721500,6.988700,8.371100
9.177500,7.795100,6.527900,5.375900,4.339100,3.417500,2.611100,1.919900,1.343900,0.883100,0.537500,0.307100,0.191900,0.191900,0.307100,0.537500,0.883100,1.343900,1.919900,2.611100,3.417500,4.339100,5.375900,6.527900,7.795100,9.177500
10.099100,8.716700,7.449500,6.297500,5.260700,4.339100,3.532700,2.841500,2.265500,1.804700,1.459100,1.228700,1.113500,1.113500,1.228700,1.459100,1.804700,2.265500,2.841500,3.532700,4.339100,5.260700,6.297500,7.449500,8.716700,10.099100
11.135900,9.753500,8.486300,7.334300,6.297500,5.375900,4.569500,3.878300,3.302300,2.841500,2.495900,2.265500,2.150300,2.150300,2.265500,2.495900,2.841500,3.302300,3.878300,4.569500,5.375900,6.297500,7.334300,8.486300,9.753500,11.135900
12.287900,10.905500,9.638300,8.486300,7.449500,6.527900,5.721500,5.030300,4.454300,3.993500,3.647900,3.417500,3.302300,3.302300,3.417500,3.647900,3.993500,4.454300,5.030300,5.721500,6.527900,7.449500,8.486300,9.638300,10.905500,12.287900
13.555100,12.172700,10.905500,9.753500,8.716700,7.795100,6.988700,6.297500,5.721500,5.260700,4.915100,4.684700,4.569500,4.569500,4.684700,4.915100,5.260700,5.721500,6.297500,6.988700,7.795100,8.716700,9.753500,10.905500,12.172700,13.555100
14.937500,13.555100,12.287900,11.135900,10.099100,9.177500,8.371100,7.679900,7.103900,6.643100,6.297500,6.067100,5.951900,5.951900,6.067100,6.297500,6.643100,7.103900,7.679900,8.371100,9.177500,10.099100,11.135900,12.287900,13.555100,14.937500

3.619327,3.445705,3.269002,3.096541,2.937070,2.794550,2.669133,2.558775,2.463573,2.383846,2.308879,2.215846,2.119966,2.064555,2.066444,2.119566,2.189683,2.272703,2.369607,2.480972,2.605871,2.742593,2.889282,3.044290,3.206326,3.374449
3.446436,3.259788,3.074983,2.900500,2.741092,2.597535,2.467160,2.349802,2.246878,2.160789,2.077380,1.973966,1.880683,1.834325,1.822180,1.879561,1.960137,2.056686,2.165178,2.284311,2.414064,2.554154,2.703736,2.861692,3.026941,3.198590
3.274017,3.079073,2.891591,2.716508,2.555667,2.406411,2.268082,2.140427,2.030924,1.943257,1.850478,1.747849,1.656937,1.601306,1.568803,1.629814,1.722899,1.839155,1.967358,2.100848,2.239061,2.383666,2.535856,2.695823,2.863138,3.037156
3.107933,2.909601,2.720437,2.543427,2.377012,2.220234,2.070532,1.932693,1.821491,1.721980,1.627655,1.535200,1.447303,1.391798,1.339872,1.404739,1.497809,1.618333,1.757114,1.903562,2.053589,2.207565,2.366952,2.532680,2.704930,2.883426
2.953852,2.752490,2.560563,2.378594,2.205737,2.038212,1.871918,1.726903,1.608192,1.512430,1.450042,1.373813,1.220961,1.057721,1.205309,1.244204,1.340228,1.432600,1.560627,1.706906,1.863125,2.025870,2.194256,2.368291,2.548025,2.733297
2.812343,2.607137,2.410889,2.223442,2.041893,1.852059,1.671389,1.534208,1.442281,1.279686,1.179744,1.104290,0.914843,0.839240,0.717094,1.002116,1.019321,1.179672,1.353979,1.518648,1.682865,1.853022,2.029711,2.212126,2.399682,2.592063
2.683197,2.474056,2.272919,2.079594,1.874876,1.664920,1.500691,1.421799,1.178634,0.993002,1.022588,0.999732,0.877592,-0.918036,-0.730979,1.037116,0.796632,0.998779,1.169241,1.324682,1.489843,1.669362,1.859496,2.055938,2.256122,2.459062
2.567988,2.354477,2.150175,1.938661,1.712202,1.507457,1.395385,1.159261,0.950253,0.921782,-0.298558,-0.934457,-0.927580,-1.066115,-0.882007,-0.772143,-0.969395,0.630305,0.899956,1.100788,1.288855,1.483928,1.688951,1.900837,2.116033,2.332397
2.467656,2.252978,2.037970,1.808298,1.568061,1.386121,1.162561,0.964648,0.901999,-0.697285,-0.535807,-0.772848,-0.991756,-1.183718,-1.118609,-1.022185,-1.137766,-0.558079,0.896267,1.040252,1.202101,1.381288,1.577435,1.786906,2.004870,2.227199
2.385841,2.165741,1.938182,1.688484,1.448556,1.228650,0.972754,0.951128,-0.953203,-0.890392,-0.773056,-0.941447,-1.130512,-1.317502,-1.353549,-1.272818,-1.214324,-0.794412,-0.589012,1.050454,0.997468,1.217809,1.451540,1.683079,1.913478,2.143882
2.314263,2.083605,1.845379,1.592525,1.378253,1.099600,0.966593,-0.549724,-0.856558,-1.049949,-1.010305,-1.140751,-1.302499,-1.474393,-1.570181,-1.492754,-1.368585,-1.041601,-0.782045,-0.626286,0.771422,1.033017,1.310486,1.576660,1.830404,2.075572
2.236309,2.003772,1.771162,1.516333,1.307706,1.216321,0.784608,-0.707841,-0.921027,-1.139905,-1.231062,-1.348493,-1.491502,-1.648490,-1.763321,-1.663572,-1.488157,-1.187999,-0.952167,-0.879645,0.787179,1.032498,1.298076,1.557331,1.807034,2.049999
2.162348,1.929919,1.684851,1.437128,1.259254,1.022154,0.613611,-0.732262,-0.939981,-1.171889,-1.369648,-1.529432,-1.678540,-1.830002,-1.903545,-1.737934,-1.561171,-1.300008,-1.056266,-0.969441,1.078915,1.194421,1.386300,1.596445,1.816603,2.043342
2.106662,1.868560,1.619113,1.412771,1.095190,0.897759,-0.771553,-0.900434,-1.075784,-1.282112,-1.491718,-1.682333,-1.851812,-2.009676,-1.965280,-1.751995,-1.536644,-1.354551,-1.033529,-0.778761,0.846302,1.052856,1.293440,1.543319,1.790150,2.030970
2.076028,1.840078,1.593695,1.394340,1.079110,0.897293,-1.016692,-0.919114,-1.095175,-1.291870,-1.485867,-1.673516,-1.840577,-1.959037,-1.858713,-1.679031,-1.466904,-1.258507,-1.112734,-1.043786,0.955034,1.131077,1.343345,1.572790,1.808323,2.044887
2.135674,1.904710,1.675182,1.457629,1.186016,1.017875,0.969632,-0.736628,-0.941562,-1.144543,-1.329499,-1.507234,-1.644329,-1.731514,-1.675551,-1.511133,-1.376855,-1.274155,-1.014953,-0.636235,1.015923,1.174150,1.357462,1.564598,1.788950,2.023494
2.214644,1.993816,1.778172,1.571172,1.303860,1.112078,1.128409,-0.764002,-0.937031,-1.079413,-1.215121,-1.351868,-1.454264,-1.489431,-1.445023,-1.337157,-1.288222,-1.018137,-0.821203,0.721167,0.925198,1.145644,1.373210,1.604057,1.837651,2.073760
2.305101,2.088749,1.883762,1.679151,1.423163,1.212343,1.108080,1.065991,-0.865016,-0.952813,-1.075486,-1.159670,-1.280730,-1.280995,-1.236529,-1.188092,-1.147823,-0.944145,-0.780206,1.048689,1.116020,1.287411,1.487033,1.701745,1.925341,2.154142
2.408310,2.191318,1.988097,1.788066,1.555301,1.331995,1.136239,0.963833,0.860639,-0.788244,-0.932727,-0.984841,-1.158935,-1.152581,-1.103236,-1.066829,-0.652543,-0.615910,0.602749,0.972232,1.209776,1.410169,1.609001,1.815765,2.030661,2.251569
2.525017,2.307498,2.102692,1.907363,1.699452,1.487846,1.284159,1.119323,1.031147,0.666050,-0.813035,-0.879634,-0.655568,-0.594012,-1.032499,-0.966048,0.643307,0.668799,0.915430,1.158413,1.365092,1.555498,1.746069,1.943793,2.149677,2.362300
2.654124,2.438232,2.232643,2.040875,1.852274,1.659783,1.463896,1.291423,1.168280,0.952292,1.094358,1.092014,0.731597,0.654288,1.060689,0.697603,0.941332,1.038579,1.200892,1.375230,1.546962,1.719150,1.897484,2.084846,2.281275,2.485325
2.793811,2.581880,2.377635,2.188670,2.012648,1.837870,1.656003,1.484037,1.343557,1.186937,1.228300,1.237190,1.105657,1.037186,1.187073,1.076767,1.218681,1.321029,1.449301,1.589086,1.736856,1.893211,2.059757,2.237036,2.424259,2.619844
2.942285,2.736174,2.535527,2.349466,2.181016,2.019771,1.853182,1.689747,1.547391,1.415916,1.404134,1.419046,1.384331,1.327554,1.380033,1.358422,1.463100,1.560704,1.673044,1.795553,1.928782,2.073577,2.230335,2.398654,2.577374,2.764894
3.098057,2.899009,2.703846,2.521473,2.357829,2.206091,2.053439,1.902381,1.766837,1.650238,1.612204,1.628671,1.628832,1.582364,1.595171,1.604924,1.690708,1.781770,1.884935,1.998082,2.122460,2.259054,2.407962,2.568524,2.739529,2.919480
3.259977,3.068685,2.880355,2.702752,2.542914,2.397794,2.256709,2.118635,1.993568,1.888996,1.839972,1.855007,1.863355,1.824524,1.823510,1.841564,1.913838,1.997704,2.094018,2.200990,2.319320,2.449706,2.592109,2.745846,2.909801,3.082642
3.427191,3.243927,3.063236,2.891444,2.735497,2.595338,2.463396,2.337137,2.223217,2.129408,2.077674,2.089708,2.096053,2.062380,2.058235,2.076933,2.138400,2.215083,2.305344,2.407223,2.520628,2.645766,2.782430,2.929955,3.087349,3.253459

3.721567,3.555615,3.393521,3.235239,3.081266,2.932882,2.793131,2.665318,2.548094,2.438572,2.334335,2.242791,2.175620,2.116696,2.142639,2.197675,2.259169,2.333391,2.425466,2.534377,2.657144,2.790717,2.932711,3.081638,3.236772,3.397852
3.551671,3.380015,3.212151,3.048521,2.890281,2.739503,2.598411,2.466934,2.343412,2.222684,2.102806,2.005031,1.927845,1.861915,1.900665,1.947756,2.014926,2.100257,2.204085,2.323482,2.454850,2.595456,2.743539,2.898074,3.058544,3.224736
3.384370,3.206617,3.033285,2.865649,2.704547,2.550389,2.404144,2.266362,2.133111,1.993632,1.866669,1.775473,1.682372,1.592941,1.642429,1.689154,1.766607,1.863618,1.981071,2.114132,2.256899,2.405929,2.560203,2.719840,2.885141,3.056242
3.219716,3.036287,2.859202,2.688244,2.521663,2.360752,2.207984,2.062308,1.912975,1.767769,1.664259,1.541052,1.413158,1.307870,1.376295,1.456580,1.561412,1.650780,1.767726,1.906742,2.058462,2.216591,2.378846,2.545333,2.716798,2.893746
3.059591,2.872732,2.692015,2.513665,2.338693,2.171147,2.011636,1.857084,1.705793,1.581304,1.447597,1.282183,1.177076,1.127007,1.236909,1.324762,1.344884,1.429809,1.552787,1.696558,1.853635,2.019310,2.190835,2.367181,2.548227,2.734071
2.908865,2.718365,2.528879,2.340689,2.159254,1.985112,1.822780,1.668680,1.517813,1.380305,1.200057,1.130623,1.097127,1.119492,0.760656,0.953937,1.074423,1.216220,1.367632,1.516328,1.667753,1.830008,2.004121,2.187950,2.379084,2.575745
2.769786,2.570118,2.369953,2.175472,1.986301,1.808943,1.643829,1.471755,1.319252,1.155638,1.036452,1.135861,0.733077,-1.009370,-0.982532,0.743283,0.988665,1.131849,1.282975,1.408509,1.530405,1.673703,1.839340,2.023013,2.219661,2.425016
2.639263,2.428993,2.222290,2.017924,1.819927,1.635221,1.449342,1.284991,1.153835,1.030565,0.976622,-0.955284,-0.786459,-0.989192,-0.902610,-0.664233,-0.943824,0.675288,0.920833,1.155252,1.344774,1.517276,1.692907,1.880548,2.081108,2.292109
2.518314,2.300862,2.082465,1.864562,1.660286,1.464047,1.298722,1.130716,1.140845,0.648843,-0.931288,-1.101395,-0.990306,-1.147209,-1.093172,-0.893869,-0.855120,-0.670807,0.720729,0.874278,1.118374,1.344344,1.553196,1.757969,1.967212,2.183825
2.410298,2.181346,1.949865,1.731460,1.523903,1.351478,1.127435,0.940942,0.607068,-0.558546,-0.939745,-1.197709,-1.211007,-1.338377,-1.312921,-1.120363,-1.020913,-0.803396,-0.623220,0.709708,0.894050,1.158104,1.409791,1.644648,1.871784,2.098607
2.313110,2.076273,1.849529,1.629173,1.429494,1.214679,0.901501,0.819410,-0.581044,-0.804922,-1.088602,-1.334896,-1.431591,-1.546375,-1.527490,-1.337821,-1.213999,-1.040104,-0.890953,-1.014688,0.782824,1.034169,1.300944,1.556810,1.800873,2.038936
2.237385,2.006439,1.774981,1.549207,1.376257,1.044160,0.843579,-0.919822,-0.869452,-1.049696,-1.278656,-1.500513,-1.639395,-1.758480,-1.725553,-1.542110,-1.398795,-1.216854,-1.057165,-1.007447,0.884080,1.073438,1.300961,1.543986,1.789452,2.032640
2.189598,1.951029,1.720544,1.545278,1.275062,1.002975,0.876729,-1.002272,-1.096465,-1.258532,-1.456880,-1.661405,-1.826007,-1.961406,-1.886001,-1.692652,-1.532682,-1.279228,-0.946134,-0.738437,0.919436,1.089908,1.296615,1.528321,1.772835,2.021862
2.160692,1.923876,1.705510,1.452023,1.208668,0.671241,-0.670986,-0.888412,-1.113686,-1.336887,-1.556888,-1.772576,-1.967840,-2.107726,-1.946310,-1.771538,-1.566797,-1.296808,-1.055264,-0.959247,0.953420,1.121706,1.335965,1.568584,1.807580,2.048244
2.181375,1.950077,1.710338,1.456103,1.305984,0.828510,-0.937120,-1.064234,-1.235175,-1.405261,-1.573094,-1.740055,-1.877283,-1.919258,-1.818743,-1.682994,-1.507301,-1.263457,-1.020002,-0.950695,0.847406,1.045579,1.279561,1.526541,1.774866,2.020952
2.212948,1.970926,1.738532,1.486210,1.204748,0.964705,0.881294,-1.008889,-1.116400,-1.265052,-1.415947,-1.571931,-1.674756,-1.725029,-1.682548,-1.556995,-1.348623,-1.099152,-0.925350,-0.881456,0.736764,1.072244,1.335869,1.574452,1.805043,2.035218
2.260879,2.017965,1.793363,1.555621,1.303675,1.141219,0.747407,-0.889031,-0.864471,-1.032509,-1.203369,-1.362513,-1.468868,-1.549445,-1.507873,-1.369508,-1.146700,-0.982650,-0.873636,0.911636,0.986170,1.197730,1.418830,1.640282,1.863148,2.088981
2.329762,2.093242,1.869626,1.646917,1.404579,1.184724,0.965175,0.998503,-0.623822,-0.848473,-1.038176,-1.165033,-1.297218,-1.389228,-1.252941,-1.130381,-0.972037,-1.026989,-0.899193,0.731111,1.054084,1.299189,1.519501,1.734032,1.949839,2.169356
2.418130,2.190502,1.971294,1.759059,1.534204,1.321093,1.113939,0.963669,0.886989,-0.910015,-0.948636,-1.013725,-1.181107,-1.018081,-1.047285,-0.973976,-0.827248,-1.031849,1.006358,1.031692,1.230053,1.435569,1.638928,1.843343,2.051581,2.264686
2.523924,2.305605,2.093752,1.889418,1.680281,1.482978,1.296062,1.107732,0.934258,0.830129,-0.785774,-0.918762,-0.647260,-0.697760,-0.974555,-0.591743,0.687932,0.819015,0.999348,1.175408,1.365340,1.560430,1.757251,1.956785,2.160495,2.369022
2.644766,2.435172,2.231890,2.034831,1.836925,1.652604,1.485707,1.305104,1.125018,1.019659,0.784826,0.676769,0.850628,0.834413,0.872345,0.650892,0.924938,1.014593,1.163319,1.330508,1.509858,1.695788,1.885948,2.080318,2.279426,2.483461
2.778305,2.576565,2.381672,2.191905,2.002367,1.826173,1.673198,1.513420,1.347036,1.240315,1.136463,1.038867,1.054944,1.060112,1.056905,1.015205,1.178590,1.244029,1.364215,1.511973,1.675912,1.849863,2.030956,2.218211,2.411305,2.609902
2.922419,2.727823,2.540522,2.357965,2.175853,2.005131,1.859940,1.719575,1.574179,1.471633,1.403910,1.324538,1.295713,1.309330,1.274551,1.298303,1.418318,1.481936,1.582850,1.712112,1.860176,2.021179,2.191910,2.370713,2.556612,2.748816
3.075301,2.887459,2.706970,2.531354,2.356639,2.191051,2.050052,1.923417,1.798267,1.702655,1.643247,1.578881,1.547866,1.560310,1.512277,1.553762,1.650372,1.717783,1.808070,1.923105,2.057307,2.206086,2.366393,2.536275,2.714365,2.899557
3.235494,3.054270,2.880120,2.711142,2.543953,2.384227,2.246361,2.128315,2.019095,1.932005,1.875460,1.821763,1.798860,1.806241,1.757409,1.799628,1.880209,1.950030,2.034857,2.139928,2.263041,2.401156,2.551743,2.712870,2.883023,3.060934
3.401872,3.227245,3.059267,2.896719,2.737064,2.584028,2.449701,2.337089,2.239058,2.160395,2.107119,2.061819,2.045218,2.046679,2.002695,2.041182,2.110098,2.179998,2.261700,2.359953,2.474534,2.603724,2.745622,2.898522,3.060938,3.231575

3.419951,3.293234,3.177896,3.074081,2.979826,2.887929,2.784789,2.662529,2.532925,2.415966,2.320204,2.238969,2.165503,2.107133,2.121404,2.170813,2.243129,2.330024,2.431221,2.545551,2.671297,2.806866,2.950978,3.102621,3.260974,3.425363
3.216490,3.082978,2.961534,2.853220,2.757768,2.670015,2.573193,2.449474,2.313835,2.199764,2.104954,2.021506,1.936035,1.857486,1.874867,1.939159,2.024841,2.115487,2.218841,2.337184,2.468530,2.610306,2.760555,2.918019,3.081896,3.251613
3.017449,2.876310,2.747670,2.633260,2.534174,2.447784,2.358269,2.239480,2.107567,1.992671,1.889382,1.801712,1.683885,1.608119,1.634497,1.701676,1.793145,1.887592,1.996060,2.121120,2.259984,2.409410,2.567074,2.731590,2.902176,3.078331
2.823791,2.674137,2.537105,2.414914,2.309757,2.221992,2.141974,2.046220,1.913515,1.777901,1.672329,1.550628,1.452293,1.438521,1.354349,1.446013,1.553475,1.663916,1.783131,1.915444,2.059901,2.214493,2.377577,2.548002,2.724939,2.907722
2.636662,2.477573,2.330946,2.199394,2.086051,1.994095,1.925202,1.865655,1.705069,1.563957,1.430903,1.326135,1.305631,1.124073,1.072730,1.215753,1.361845,1.499806,1.613813,1.739342,1.879605,2.032869,2.197294,2.371297,2.553475,2.742570
2.457488,2.288056,2.130639,1.988168,1.864495,1.764897,1.697422,1.666580,1.502354,1.363797,1.250469,1.234270,1.079332,0.927723,0.990692,0.955314,1.073913,1.239776,1.391306,1.543739,1.696852,1.855844,2.024304,2.202854,2.390585,2.586095
2.288059,2.107406,1.937977,1.782918,1.646586,1.535250,1.458876,1.471533,1.352024,1.258246,1.007082,0.820092,0.773577,-0.721405,-1.023764,0.736373,0.939304,1.002007,1.171752,1.357752,1.528167,1.693016,1.864888,2.047693,2.240879,2.442678
2.130651,1.937977,1.755304,1.585874,1.434413,1.308138,1.219266,1.315208,1.300075,0.994708,0.802937,-0.794473,-0.943035,-0.944901,-0.994842,-0.847342,-0.940438,0.876052,0.956589,1.154254,1.339549,1.519113,1.703817,1.897712,2.100735,2.311431
1.988211,1.782918,1.585874,1.400208,1.230778,1.085620,0.979657,1.135371,0.961499,0.943808,-0.663711,-0.880359,-1.069950,-1.155625,-1.147153,-1.035223,-0.973649,-0.794492,0.822642,0.980582,1.163134,1.356800,1.557228,1.764158,1.977771,2.197463
1.864648,1.646586,1.434413,1.230778,1.040143,0.870713,0.740047,0.885793,0.766487,-0.911996,-0.893036,-1.052036,-1.224307,-1.348570,-1.320036,-1.216330,-1.126687,-0.994040,-0.927465,0.924896,0.959355,1.184343,1.419274,1.650000,1.878602,2.107998
1.765343,1.535250,1.308138,1.085620,0.870713,0.669867,0.500438,0.877346,-0.781286,-0.995923,-1.100508,-1.239585,-1.396043,-1.533639,-1.502285,-1.392007,-1.276563,-1.141150,-1.028848,-0.912276,0.802688,1.045493,1.307266,1.561637,1.806944,2.046838
1.698485,1.458876,1.219266,0.979657,0.740047,0.500438,0.260828,0.021219,-1.005859,-1.141929,-1.274673,-1.417657,-1.569939,-1.714142,-1.688224,-1.564158,-1.405562,-1.214627,-1.048926,-0.934350,0.946159,1.117545,1.324153,1.551201,1.787139,2.025395
1.774875,1.547823,1.325356,1.110483,0.908643,0.738808,0.917100,-0.827040,-1.007744,-1.198864,-1.386047,-1.561513,-1.728942,-1.885261,-1.863204,-1.716528,-1.519834,-1.321308,-1.178392,-0.711834,0.922231,1.095342,1.292554,1.511826,1.745883,1.987380
1.881000,1.667575,1.467808,1.269727,1.115376,0.767400,-0.915494,-1.009366,-1.157656,-1.329394,-1.512610,-1.697136,-1.876692,-2.045963,-1.954226,-1.773247,-1.551872,-1.269731,-1.032839,-0.919292,1.068094,1.208232,1.381553,1.582104,1.801544,2.032170
1.984205,1.761008,1.559286,1.315390,1.077283,1.036857,-0.871321,-1.055179,-1.219240,-1.377665,-1.544371,-1.716439,-1.880573,-1.968477,-1.843218,-1.678406,-1.473947,-1.273855,-1.136603,-0.597756,0.668714,1.029572,1.312549,1.568028,1.813714,2.055453
2.090309,1.864022,1.662765,1.425288,1.180364,1.052474,1.039745,-0.979608,-1.114677,-1.242274,-1.391997,-1.546710,-1.693708,-1.749519,-1.648632,-1.509499,-1.359938,-1.196050,-0.976028,-0.930448,0.921336,1.098649,1.309798,1.543983,1.789414,2.038100
2.190206,1.967345,1.758876,1.527961,1.313304,0.998544,0.771503,-1.005729,-0.993338,-1.096854,-1.239412,-1.380011,-1.520019,-1.508588,-1.445820,-1.363625,-1.285414,-1.087821,-0.905628,0.855216,1.021830,1.200038,1.400340,1.620676,1.854024,2.093696
2.290917,2.068696,1.856249,1.638368,1.452828,1.170225,0.927711,0.839314,-0.848547,-0.966387,-1.117136,-1.250163,-1.300437,-1.311840,-1.285079,-1.180899,-1.186075,-1.193272,-0.646986,1.061942,1.179471,1.336428,1.519784,1.724529,1.944418,2.173341
2.398181,2.177794,1.963495,1.751151,1.567066,1.333706,1.119465,1.024316,0.632774,-0.865739,-1.027881,-1.154521,-1.019984,-1.179872,-1.127859,-0.914446,-0.585502,-0.645635,0.733551,0.973590,1.206524,1.418327,1.621990,1.829321,2.044317,2.266136
2.513221,2.297875,2.085827,1.876368,1.689399,1.491946,1.313911,1.187236,0.908847,0.874716,-0.947465,-1.074666,-0.862833,-0.666389,-0.633188,-0.718251,0.727478,0.657083,0.901710,1.125162,1.339559,1.544257,1.745036,1.948279,2.157199,2.372001
2.636323,2.428068,2.222033,2.017112,1.828938,1.649507,1.491585,1.344468,1.125903,0.940691,0.810121,0.674277,0.889887,1.013005,0.793445,0.766199,0.911002,0.987255,1.145314,1.324698,1.510877,1.698519,1.888423,2.083083,2.283969,2.490993
2.767841,2.567172,2.369287,2.171330,1.984699,1.813243,1.662667,1.512172,1.332353,1.170080,1.051276,1.041015,1.080313,1.167198,1.040371,1.011324,1.138985,1.248556,1.381774,1.533822,1.697505,1.868624,2.046336,2.231131,2.423240,2.622133
2.907955,2.714504,2.525357,2.336068,2.153727,1.986775,1.839314,1.693394,1.539796,1.406955,1.311448,1.327549,1.308913,1.363419,1.307127,1.284308,1.385944,1.490823,1.609417,1.743701,1.890837,2.048222,2.214711,2.389899,2.573326,2.764155
3.056489,2.869666,2.688914,2.508994,2.333155,2.170480,2.025823,1.887011,1.751637,1.640148,1.564382,1.580136,1.550436,1.581943,1.566528,1.553397,1.635340,1.727536,1.833372,1.954291,2.088712,2.234813,2.391408,2.557695,2.732857,2.915890
3.212955,3.032264,2.859203,2.688573,2.520675,2.363238,2.222154,2.090784,1.968826,1.871627,1.809093,1.819201,1.792352,1.811787,1.815691,1.812717,1.881260,1.961884,2.056777,2.166878,2.290959,2.427511,2.575327,2.733409,2.900768,3.076323
3.376689,3.201795,3.035699,2.873819,2.714545,2.563475,2.426907,2.302583,2.191063,2.103737,2.049414,2.054051,2.031606,2.045947,2.057683,2.063286,2.122812,2.194795,2.280955,2.382193,2.497582,2.625819,2.765710,2.916177,3.076155,3.244549

3.786705,3.616572,3.446898,3.277646,3.109703,2.946036,2.794776,2.661606,2.540285,2.429610,2.331976,2.252604,2.199735,2.142417,2.129669,2.179405,2.236101,2.307320,2.397487,2.505352,2.627994,2.762476,2.906391,3.057990,3.216093,3.379941
3.628011,3.449806,3.271127,3.092295,2.915541,2.748786,2.599713,2.461209,2.329369,2.206762,2.093805,2.012483,1.945844,1.888492,1.878119,1.933238,2.000770,2.081174,2.178126,2.291363,2.418781,2.558010,2.707000,2.864173,3.028362,3.198696
3.470620,3.284929,3.098183,2.911702,2.732178,2.568739,2.415177,2.264429,2.120372,1.976801,1.857030,1.782232,1.701270,1.649815,1.663520,1.727543,1.785524,1.873147,1.979762,2.099925,2.231492,2.373441,2.524853,2.684824,2.852517,3.027153
3.316825,3.124648,2.931465,2.742075,2.566002,2.399615,2.233314,2.072611,1.907906,1.750038,1.646756,1.557273,1.476546,1.440400,1.434862,1.509919,1.555535,1.645479,1.768229,1.904741,2.047918,2.197395,2.354113,2.518439,2.690188,2.868913
3.169210,2.971505,2.774782,2.587788,2.410169,2.231645,2.057475,1.882037,1.697325,1.555763,1.444198,1.350055,1.326044,1.115545,1.214930,1.272529,1.340129,1.401312,1.527635,1.678755,1.838185,2.002149,2.171320,2.346502,2.527791,2.714878
3.029331,2.827188,2.630795,2.442596,2.254115,2.066833,1.882692,1.687925,1.515908,1.387830,1.204717,1.252729,0.960872,0.973256,0.711743,0.991705,1.178969,1.177297,1.293043,1.445442,1.614744,1.792443,1.976157,2.165414,2.359858,2.558957
2.897347,2.693041,2.494466,2.296971,2.096496,1.896872,1.698195,1.514536,1.363285,1.159020,0.958942,0.780018,0.770703,-0.778596,-0.976160,1.103813,0.727064,0.945060,1.093619,1.252080,1.423444,1.606196,1.797981,1.996901,2.201601,2.411005
2.773382,2.565223,2.359089,2.147925,1.931035,1.723015,1.533875,1.345864,1.176449,0.918119,0.845535,-0.623309,-0.793218,-0.941574,-0.913495,-0.742007,-0.702121,0.907254,0.983025,1.133561,1.288852,1.461335,1.651236,1.853768,2.064769,2.281532
2.654468,2.440325,2.222589,1.996843,1.781046,1.580800,1.368710,1.161011,0.989687,0.837814,-1.010398,-0.848994,-0.971248,-1.111554,-1.074821,-0.942401,-0.894725,-0.881352,0.879594,0.908327,1.089436,1.288275,1.497532,1.715330,1.939105,2.166689
2.539528,2.317295,2.091609,1.878323,1.670403,1.457314,1.191641,1.072486,0.662700,-0.969757,-0.807290,-0.976631,-1.135457,-1.283167,-1.271427,-1.149371,-1.060491,-0.956031,-0.827533,0.687427,0.911740,1.142870,1.372569,1.603329,1.837177,2.073679
2.427253,2.200853,1.991656,1.784246,1.580737,1.316132,1.120589,1.149200,-0.090606,-0.329777,-0.568948,-0.808119,-1.047290,-1.285722,-1.448047,-1.363567,-1.241617,-1.081968,-0.896147,-0.743495,1.099303,1.237392,1.401985,1.593288,1.805537,2.031720
2.318629,2.096282,1.876668,1.660050,1.423450,1.212029,1.016346,0.888722,-0.911592,-0.568948,-0.738310,-0.938923,-1.153521,-1.375408,-1.577798,-1.557633,-1.392497,-1.219381,-1.073601,-1.019549,0.689440,1.058527,1.337724,1.582238,1.814869,2.045448
2.217170,1.978492,1.742025,1.517088,1.291348,1.137101,0.694653,-0.525830,-0.873747,-0.808119,-0.938923,-1.108285,-1.298741,-1.502007,-1.705374,-1.718219,-1.507137,-1.263600,-1.077713,-0.996774,1.008682,1.164906,1.357907,1.573841,1.802214,2.036027
2.127277,1.873021,1.646716,1.460853,1.224534,1.076559,1.088991,-1.012402,-1.107843,-1.046754,-1.153192,-1.298516,-1.467937,-1.653433,-1.846942,-1.710552,-1.450801,-1.224194,-1.061005,-0.932339,0.915372,1.119283,1.344406,1.573423,1.805448,2.040126
2.064325,1.807313,1.604870,1.388764,1.152786,1.090471,-0.762202,-0.954790,-1.133498,-1.246207,-1.359766,-1.494671,-1.649689,-1.820691,-1.819007,-1.659423,-1.468733,-1.245503,-1.078804,-0.639379,1.013370,1.177821,1.358062,1.557214,1.773241,2.001472
2.121412,1.868699,1.646690,1.444009,1.270242,0.960558,0.667942,-0.977677,-1.062114,-1.207101,-1.371365,-1.542692,-1.683160,-1.756799,-1.632302,-1.495075,-1.324042,-1.092311,-0.928342,-0.936136,0.717668,1.092816,1.365431,1.599944,1.824769,2.050425
2.200145,1.953389,1.737444,1.527584,1.303849,1.119775,1.121343,-0.788297,-0.913524,-1.075464,-1.242462,-1.387358,-1.515807,-1.523975,-1.411712,-1.300086,-1.147567,-0.956802,-0.803761,0.736259,0.927574,1.192686,1.442609,1.675192,1.899338,2.121706
2.291024,2.050715,1.840603,1.642520,1.412476,1.181368,1.000715,0.898315,-0.791983,-0.981069,-1.142224,-1.173972,-1.257494,-1.255106,-1.237204,-1.175742,-1.070878,-0.912314,-0.745055,0.677311,1.017308,1.288489,1.530164,1.757580,1.978993,2.198984
2.392616,2.159757,1.951966,1.763857,1.551041,1.328619,1.120912,0.945279,0.837921,-0.981051,-1.027837,-0.927926,-0.968396,-1.052256,-1.149449,-1.090320,-0.984186,-1.072882,0.778998,0.908598,1.143649,1.383490,1.615547,1.840576,2.061658,2.281345
2.504896,2.280790,2.076011,1.893526,1.699293,1.492554,1.285167,1.109054,1.012007,0.615597,-0.866153,-0.763193,-0.816300,-0.984699,-0.634100,-0.585569,1.050492,1.106365,0.981218,1.114317,1.306261,1.517158,1.732496,1.948060,2.163452,2.379246
2.627646,2.413023,2.212954,2.033975,1.853139,1.660339,1.462104,1.287756,1.177438,0.948921,1.122810,0.705378,1.089540,0.616762,0.977382,0.972757,1.112298,1.234425,1.199868,1.322757,1.489279,1.677407,1.875690,2.079039,2.285553,2.494607
2.760350,2.555222,2.361213,2.185422,2.013614,1.832536,1.645989,1.478085,1.357262,1.203032,1.262090,1.080099,1.220949,1.007554,1.136345,1.142302,1.266553,1.386588,1.420586,1.534836,1.684291,1.854684,2.037576,2.228390,2.424817,2.625660
2.902308,2.706194,2.519025,2.346929,2.181769,2.010982,1.836497,1.677886,1.555192,1.434205,1.434472,1.357235,1.404044,1.298065,1.341095,1.352873,1.454301,1.564537,1.636758,1.747783,1.885851,2.042608,2.212324,2.391412,2.577711,2.769859
3.052745,2.864925,2.684895,2.517225,2.357709,2.196212,2.033331,1.884782,1.765574,1.661628,1.632760,1.596126,1.607389,1.548058,1.563802,1.582313,1.664019,1.762712,1.851070,1.960929,2.091061,2.237243,2.395911,2.564505,2.741242,2.924821
3.210872,3.030568,2.857636,2.695050,2.540903,2.387873,2.235781,2.096971,1.983491,1.890164,1.847554,1.822889,1.824443,1.784506,1.795952,1.817890,1.885887,1.974355,2.066904,2.174875,2.298727,2.436395,2.585776,2.745147,2.913131,3.088588
3.375923,3.202411,3.036317,2.879274,2.730543,2.585284,2.443035,2.313246,2.206003,2.120350,2.071851,2.048479,2.049863,2.019063,2.031623,2.054542,2.113740,2.194138,2.285434,2.390259,2.508497,2.638965,2.780407,2.931682,3.091754,3.259661

3.784426,3.609918,3.438122,3.272088,3.117083,2.974649,2.841527,2.715655,2.594531,2.471978,2.344827,2.221874,2.123897,2.068196,2.087024,2.145757,2.218532,2.302608,2.400286,2.511643,2.635478,2.770325,2.914791,3.067609,3.227647,3.393917
3.627267,3.445016,3.266776,3.098361,2.941871,2.793916,2.654352,2.523218,2.393133,2.256455,2.115749,1.990798,1.899463,1.841623,1.854908,1.919443,1.992903,2.078885,2.180763,2.298284,2.429253,2.571333,2.722681,2.881959,3.048158,3.220442
3.471710,3.283718,3.103385,2.933031,2.769424,2.614198,2.469719,2.328352,2.184458,2.042372,1.905079,1.796045,1.689242,1.613533,1.613585,1.681349,1.766427,1.865526,1.973661,2.095907,2.232415,2.380853,2.538821,2.704565,2.876934,3.055141
3.319751,3.130170,2.947766,2.769814,2.599214,2.439709,2.282598,2.124960,1.982174,1.840877,1.711778,1.604701,1.476386,1.413590,1.397523,1.427824,1.517324,1.635510,1.758355,1.890265,2.034520,2.190505,2.356222,2.529767,2.709736,2.895180
3.174352,2.982773,2.793463,2.609967,2.436670,2.264152,2.089387,1.934497,1.785393,1.621659,1.508738,1.429098,1.263782,1.078944,1.039144,1.139111,1.266054,1.389884,1.525192,1.671168,1.827234,1.993152,2.168125,2.350918,2.540225,2.734895
3.033042,2.835716,2.642813,2.458917,2.275707,2.088443,1.916796,1.756625,1.559483,1.403098,1.352201,1.229822,0.972064,0.855506,0.799911,0.963298,1.128948,1.198001,1.329796,1.482139,1.642892,1.812098,1.990909,2.179037,2.375240,2.577976
2.892012,2.692150,2.500338,2.311550,2.120098,1.937344,1.769766,1.556857,1.356617,1.261889,1.027850,0.897995,1.034567,-0.521526,-0.752916,0.946731,0.745529,0.979947,1.127753,1.298846,1.472416,1.648406,1.831500,2.023774,2.224950,2.433694
2.755390,2.555588,2.362017,2.170426,1.984605,1.813215,1.604062,1.383641,1.244317,0.993531,0.784169,0.538693,-0.614671,-0.767552,-0.874890,-0.742832,-0.811738,0.986689,0.956111,1.130019,1.317925,1.505066,1.694845,1.891630,2.096868,2.309999
2.626059,2.424037,2.227921,2.037525,1.856472,1.656567,1.445750,1.295218,1.101611,0.670579,-0.797702,-1.103923,-0.845261,-0.987592,-1.059037,-0.948877,-0.942358,-0.838150,0.847718,0.896673,1.125602,1.351770,1.566489,1.777475,1.990916,2.209477
2.504905,2.298573,2.096483,1.897662,1.696438,1.490955,1.350679,1.118306,1.054311,-0.631656,-0.852965,-1.066083,-1.081187,-1.207787,-1.266130,-1.155545,-1.104256,-1.020954,-1.002254,0.682307,0.908307,1.177575,1.431610,1.669814,1.900144,2.128890
2.395545,2.181594,1.967473,1.757950,1.541685,1.352948,1.138743,0.876378,0.718824,-0.672683,-0.911155,-1.143198,-1.280457,-1.417316,-1.475958,-1.354343,-1.272411,-1.188910,-1.119359,-1.002588,0.874179,1.100875,1.350382,1.596747,1.837098,2.073950
2.301831,2.080754,1.863577,1.639836,1.410738,1.178271,0.956116,0.851761,-0.723542,-0.857186,-1.054479,-1.267043,-1.446077,-1.605953,-1.676635,-1.536921,-1.401250,-1.245541,-1.123834,-1.072265,1.029762,1.188851,1.382988,1.600350,1.829762,2.064142
2.229717,2.010915,1.789274,1.545355,1.314660,1.196891,0.709574,-0.820714,-0.919123,-1.047455,-1.219507,-1.412103,-1.598981,-1.774677,-1.857571,-1.694328,-1.495929,-1.270364,-1.093762,-1.008559,0.997685,1.162470,1.368371,1.595111,1.829604,2.065677
2.175069,1.953399,1.713725,1.443910,1.239807,1.158574,0.667898,-0.635271,-0.872487,-1.109296,-1.328311,-1.536928,-1.735998,-1.925288,-1.959830,-1.749851,-1.540369,-1.270893,-0.977856,-0.844444,0.948415,1.112859,1.319953,1.544872,1.779164,2.017067
2.123093,1.883531,1.609469,1.361230,1.242579,0.743806,-0.949490,-0.858505,-1.035629,-1.243404,-1.456395,-1.666353,-1.855031,-1.967826,-1.823347,-1.650538,-1.464785,-1.267784,-1.106212,-1.077862,0.702233,0.966001,1.242434,1.505557,1.755599,1.998249
2.173732,1.931890,1.673414,1.460343,1.253170,0.945148,0.859813,-0.792027,-0.991005,-1.194136,-1.375657,-1.549548,-1.700740,-1.767953,-1.654368,-1.542125,-1.395362,-1.166893,-0.986797,-0.893354,1.112028,1.168959,1.357937,1.569884,1.793037,2.023886
2.249556,2.012427,1.761514,1.560495,1.334781,1.108821,1.138802,-0.542550,-0.881878,-1.099639,-1.244800,-1.374791,-1.519442,-1.532940,-1.498757,-1.405684,-1.272626,-1.125369,-1.065885,0.812554,0.999992,1.201479,1.412238,1.629933,1.853866,2.083004
2.339769,2.110609,1.865725,1.654958,1.447397,1.267653,1.008752,0.747870,-0.925449,-1.028889,-1.098113,-1.165900,-1.256541,-1.288686,-1.298518,-1.240192,-1.059200,-0.980568,-0.657476,0.852752,1.055564,1.274065,1.494081,1.715176,1.938620,2.164953
2.439875,2.219288,1.983217,1.766652,1.561148,1.374432,1.147207,0.958921,1.058240,-0.893405,-0.929754,-0.991614,-0.946847,-1.094294,-1.038875,-0.885656,-0.776468,-1.041974,0.781620,0.959201,1.164469,1.381194,1.600200,1.819616,2.040067,2.262278
2.550104,2.337113,2.111723,1.898150,1.694496,1.500322,1.301222,1.154003,1.151848,1.086962,-0.758233,-0.910675,-0.735580,-1.025711,-0.929982,-0.738292,1.000049,0.808002,0.957566,1.123165,1.313747,1.518246,1.728478,1.941163,2.155662,2.372125
2.671297,2.464653,2.249610,2.043348,1.845111,1.650162,1.459758,1.311156,1.227783,1.171440,0.670624,0.880992,0.669368,0.638226,0.695882,1.045652,1.147031,1.124952,1.186759,1.322019,1.491021,1.678535,1.875768,2.078365,2.284583,2.493836
2.803330,2.602139,2.395983,2.197709,2.006781,1.816453,1.631488,1.477098,1.370735,1.293922,1.015872,1.059295,1.028516,1.016008,0.971592,1.154946,1.294011,1.358938,1.416108,1.533006,1.683524,1.854501,2.037886,2.229118,2.425869,2.627013
2.945312,2.749148,2.550416,2.359283,2.175892,1.993274,1.815803,1.661620,1.546039,1.462859,1.290979,1.271309,1.306948,1.309940,1.258844,1.358812,1.475033,1.567369,1.638666,1.746797,1.883724,2.040633,2.211141,2.391144,2.578207,2.770928
3.096062,2.904873,2.712605,2.527626,2.351237,2.177494,2.009436,1.860499,1.743489,1.658625,1.542840,1.506088,1.559723,1.565608,1.529990,1.585711,1.679602,1.774602,1.856778,1.960909,2.088127,2.233619,2.392843,2.562450,2.740194,2.924609
3.254427,3.068380,2.882159,2.702739,2.532686,2.367772,2.209803,2.068756,1.954950,1.871396,1.786669,1.751650,1.805301,1.806939,1.785354,1.820469,1.898103,1.987586,2.074065,2.175483,2.295401,2.431636,2.581178,2.741455,2.910533,3.087012
3.419418,3.238769,3.058554,2.884535,2.720304,2.563572,2.415376,2.283045,2.174765,2.094450,2.027561,2.000047,2.048304,2.043872,2.031213,2.057487,2.123977,2.206303,2.292573,2.391119,2.505096,2.633675,2.774929,2.926936,3.088093,3.257131

3.901090,3.732977,3.566432,3.402045,3.240556,3.081464,2.923809,2.770903,2.626181,2.487721,2.360814,2.252906,2.169715,2.124799,2.106034,2.153205,2.226655,2.314286,2.415869,2.530056,2.654648,2.787793,2.928420,3.076078,3.230595,3.391824
3.732417,3.559768,3.389210,3.221203,3.055890,2.892122,2.731180,2.575795,2.422475,2.275605,2.143239,2.025626,1.943118,1.890476,1.871638,1.931000,2.009772,2.098584,2.202183,2.320418,2.450707,2.590383,2.737626,2.891532,3.051786,3.218302
3.564835,3.388000,3.213461,3.041977,2.873071,2.706482,2.544551,2.383626,2.224601,2.074495,1.926081,1.802963,1.711659,1.642910,1.625728,1.699780,1.784502,1.881022,1.990957,2.115192,2.252254,2.399496,2.554539,2.715875,2.882829,3.055235
3.399462,3.217643,3.038729,2.863355,2.690827,2.523768,2.361003,2.199456,2.041381,1.871838,1.710622,1.587480,1.460233,1.451724,1.427423,1.478651,1.571512,1.665771,1.777948,1.907024,2.050940,2.206782,2.371510,2.542739,2.719013,2.899690
3.236288,3.048622,2.864661,2.684053,2.509767,2.344975,2.186551,2.029709,1.853775,1.666409,1.519338,1.355349,1.217400,1.188617,1.118821,1.235596,1.309402,1.409622,1.538199,1.682842,1.838752,2.005112,2.180716,2.363574,2.551718,2.743745
3.075785,2.882002,2.691597,2.507113,2.335091,2.176181,2.021112,1.850346,1.657527,1.497778,1.333871,1.148988,1.029254,1.077095,0.933969,1.093368,1.065615,1.178137,1.325573,1.485634,1.648458,1.817690,1.997058,2.186524,2.383946,2.586851
2.920124,2.719708,2.523876,2.339997,2.172449,2.010467,1.841485,1.657330,1.498370,1.354484,1.178049,0.969496,1.008110,-0.962657,-0.705496,0.685066,1.004697,1.062746,1.156502,1.315553,1.483199,1.654306,1.834146,2.025523,2.227610,2.437838
2.771925,2.565666,2.368815,2.187560,2.011192,1.831443,1.647378,1.487290,1.334178,1.157950,0.972861,0.853857,-0.928294,-1.085253,-0.920287,-0.951394,-0.625987,0.995212,0.977704,1.147903,1.333041,1.516720,1.701869,1.894559,2.097610,2.310446
2.633903,2.425845,2.230531,2.038362,1.841169,1.641549,1.467673,1.303046,1.115922,0.988928,0.964517,-0.997228,-1.116734,-1.250746,-1.129380,-1.076789,-0.813347,-0.672643,0.878734,0.901902,1.109255,1.334061,1.552513,1.766608,1.982099,2.202440
2.510447,2.303690,2.098683,1.886563,1.668380,1.475549,1.319488,1.123078,1.034991,0.981115,-0.667882,-0.888735,-1.117961,-1.333854,-1.333553,-1.250687,-1.024051,-0.885143,-0.893861,0.665799,0.897390,1.144529,1.391900,1.633521,1.870499,2.105955
